/* downstream geometry imports, paste directly into GEE */

var geometry = 
    /* color: #d63000 */
    /* locked: true */
    ee.Geometry.MultiPoint(
        [[-87.9175731693671, 13.637483640113588],
         [-87.91571284367825, 13.634449223314137],
         [-87.91326680248213, 13.632133244771842],
         [-87.91303368564283, 13.627686377209667],
         [-87.90924590905392, 13.624974123707132],
         [-87.90835187109678, 13.62079018750095],
         [-87.90440187937314, 13.620651428671097],
         [-87.89988090287295, 13.62164396480167],
         [-87.89624037119157, 13.623705177045728],
         [-87.89311928015232, 13.621588952311683],
         [-87.89004374281244, 13.622306650154982],
         [-87.88794889191112, 13.624354996104723],
         [-87.88377001026592, 13.626325678966014],
         [-87.88028841564754, 13.625777445114007],
         [-87.8776272543762, 13.622552051752606],
         [-87.8733062965298, 13.62220274644416],
         [-87.86904025798601, 13.62252879334657],
         [-87.86528904460641, 13.621124097318761],
         [-87.86441219644632, 13.617805615692541],
         [-87.85950992006944, 13.617946383197948]]),
    impact_pool = 
    /* color: #d63000 */
    /* locked: true */
    ee.Geometry.Polygon(
        [[[-87.92178984832864, 13.639363452120142],
          [-87.92178716611963, 13.639277435339435],
          [-87.92173352193933, 13.639217484231308],
          [-87.92166378450494, 13.63924615650231],
          [-87.92159136486154, 13.639274828769825],
          [-87.92150821638208, 13.639277435339435],
          [-87.92141165685754, 13.639290468186996],
          [-87.92132582616907, 13.639277435339435],
          [-87.92123463106256, 13.639243549932358],
          [-87.92115952921014, 13.639243549932358],
          [-87.92114611816507, 13.63929307475644],
          [-87.92109515619379, 13.639316533879994],
          [-87.92105224084955, 13.639358238982805],
          [-87.92104687643152, 13.639433829462874],
          [-87.92112734270196, 13.639465108275127],
          [-87.92117562246423, 13.639465108275127],
          [-87.9212239022265, 13.639470321410096],
          [-87.92126949977975, 13.63948596081434],
          [-87.92131241512399, 13.639459895140044],
          [-87.92136605930429, 13.639436436030715],
          [-87.92140092802148, 13.639433829462874],
          [-87.92149748754602, 13.639426009759163],
          [-87.92154040289026, 13.639436436030715],
          [-87.92160477590662, 13.639436436030715],
          [-87.92166646671396, 13.63941037035096],
          [-87.92172279310327, 13.639392124373419]]]),
    upstream_control = 
    /* color: #2e86ff */
    /* locked: true */
    ee.Geometry.Polygon(
        [[[-87.9393235828497, 13.636849506939221],
          [-87.9393960024931, 13.636784342020551],
          [-87.93949524422665, 13.636742636463172],
          [-87.93957302828808, 13.63672178368173],
          [-87.93959180375118, 13.63665661872782],
          [-87.93953547736187, 13.63665661872782],
          [-87.93946305771847, 13.63664879893215],
          [-87.93936649819393, 13.636669651720032],
          [-87.9393423583128, 13.636740029865587],
          [-87.93928066750546, 13.636800815872181],
          [-87.9392350699522, 13.636876407170888],
          [-87.93915192147274, 13.636902473130352],
          [-87.9391250993826, 13.636951998445396],
          [-87.93905267973919, 13.637053655638491],
          [-87.93895612021466, 13.637053655638491],
          [-87.93893198033352, 13.637064082014787],
          [-87.93882737418194, 13.637056262232603],
          [-87.93871472140331, 13.637045835855965],
          [-87.93868253489514, 13.63706929520278],
          [-87.9386208440878, 13.63707972157839],
          [-87.93852696677227, 13.637061475420763],
          [-87.93846259375592, 13.637064082014787],
          [-87.93840090294857, 13.637066688608796],
          [-87.93831775446911, 13.637066688608796],
          [-87.93822387715359, 13.637097967734615],
          [-87.93815145751019, 13.637030196290123],
          [-87.93807099123974, 13.637006736939414],
          [-87.93798247834225, 13.637027589695705],
          [-87.93781886359234, 13.637048442450165],
          [-87.93788860102673, 13.637118820482838],
          [-87.93796906729717, 13.637212657827112],
          [-87.9380629446127, 13.637251756709555],
          [-87.93816755076428, 13.637225690788652],
          [-87.9381729151823, 13.637160525973782],
          [-87.93827752133389, 13.637168345752515],
          [-87.9383687164404, 13.637176165530997],
          [-87.9383874919035, 13.637124033669613],
          [-87.93845454712887, 13.637126640262949],
          [-87.93843845387478, 13.637194411679754],
          [-87.93855378886242, 13.637220477604119],
          [-87.93858061095257, 13.637178772123761],
          [-87.9386932637312, 13.637210051234717],
          [-87.9387844588377, 13.637204838049852],
          [-87.93887028952618, 13.637202231457369],
          [-87.93897489567776, 13.637178772123761],
          [-87.93902049323101, 13.637116213889415],
          [-87.93909559508343, 13.637092754547254],
          [-87.93917606135388, 13.637087541359795],
          [-87.93928066750546, 13.636998917155335],
          [-87.93931553622265, 13.636920719300266]]]),
    Poly500m = 
    /* color: #98ff00 */
    /* locked: true */
    ee.Geometry.Polygon(
        [[[-87.91791334576212, 13.637657883064255],
          [-87.91776850647531, 13.637496274586153],
          [-87.91765585369669, 13.637449355975026],
          [-87.91755929417215, 13.637412863715474],
          [-87.91747346348367, 13.63745456915451],
          [-87.91737153954111, 13.637397224173947],
          [-87.91730180210672, 13.637329452815344],
          [-87.91719451374613, 13.6372981737202],
          [-87.91710331863962, 13.637287747354224],
          [-87.91703894562326, 13.63731381326829],
          [-87.9170282167872, 13.6373763714503],
          [-87.91712477631174, 13.637407650535087],
          [-87.9172427935084, 13.637459782333853],
          [-87.91735008186899, 13.63748584822893],
          [-87.91746273464761, 13.637522340477197],
          [-87.91762366718851, 13.637579685427369],
          [-87.91769876904092, 13.6376057513092],
          [-87.91785970158182, 13.637694375285932]]]),
    Poly1000m = 
    /* color: #0b4a8b */
    /* locked: true */
    ee.Geometry.MultiPolygon(
        [[[[-87.91561091657601, 13.634699124932375],
           [-87.91570747610055, 13.634584433619295],
           [-87.91577721353494, 13.634469742250541],
           [-87.91574502702676, 13.634355050826091],
           [-87.91570747610055, 13.634391543558094],
           [-87.91567528959237, 13.634474955495772],
           [-87.91562164541207, 13.634547940917098],
           [-87.91557873006784, 13.634605286589458]]],
         [[[-87.91585767980538, 13.634172587081503],
           [-87.91590595956765, 13.634021402729227],
           [-87.91598106142007, 13.633901497829296],
           [-87.91606689210855, 13.633745100042278],
           [-87.91601324792825, 13.633682540898482],
           [-87.91588986631356, 13.63381287242937],
           [-87.91586304422341, 13.63391713760232],
           [-87.91579867120706, 13.63401618947397],
           [-87.91579330678903, 13.634162160577555]]]]),
    Poly1500m = 
    /* color: #ffc82d */
    /* locked: true */
    ee.Geometry({
      "type": "GeometryCollection",
      "geometries": [
        {
          "type": "Polygon",
          "coordinates": [
            [
              [
                -87.91409601418053,
                13.632732551748713
              ],
              [
                -87.9140906497625,
                13.63261785948083
              ],
              [
                -87.91383315769707,
                13.632544873463187
              ],
              [
                -87.91363467422997,
                13.632497953868507
              ],
              [
                -87.91352202145134,
                13.632414541232732
              ],
              [
                -87.91344691959893,
                13.632466674133537
              ],
              [
                -87.9134951993612,
                13.632555300038522
              ],
              [
                -87.91376878468071,
                13.632654352481197
              ]
            ]
          ],
          "evenOdd": true
        },
        {
          "type": "Polygon",
          "coordinates": [
            [
              [
                -87.9134415551809,
                13.632278995636797
              ],
              [
                -87.91334499565636,
                13.632185156332513
              ],
              [
                -87.9133342668203,
                13.63199747761213
              ],
              [
                -87.91325648275887,
                13.632086103693114
              ],
              [
                -87.91319881526505,
                13.632151269907911
              ],
              [
                -87.91319479195153,
                13.63222686269457
              ],
              [
                -87.91331280914818,
                13.632294635517221
              ]
            ]
          ],
          "geodesic": true,
          "evenOdd": true
        }
      ],
      "coordinates": []
    }),
    Poly2000m = 
    /* color: #00ffff */
    /* locked: true */
    ee.Geometry.Polygon(
        [[[-87.91317932220896, 13.627895000926078],
          [-87.91316322895487, 13.627775092917078],
          [-87.91308812710245, 13.627655184847255],
          [-87.91303448292216, 13.627592624091008],
          [-87.91294865223368, 13.62755091691099],
          [-87.91292183014353, 13.62745707572902],
          [-87.9128789147993, 13.627342380900458],
          [-87.91279308411082, 13.627201618989329],
          [-87.91271261784037, 13.627243326230987],
          [-87.91269652458628, 13.627316313886196],
          [-87.91276626202067, 13.627410155124068],
          [-87.91280381294688, 13.627488356127149],
          [-87.91287355038126, 13.62755091691099],
          [-87.91292183014353, 13.627618691074789],
          [-87.9129164657255, 13.627722958981145],
          [-87.91298083874186, 13.627775092917078],
          [-87.91307203384837, 13.627848080408068]]]),
    Poly2500m = 
    /* color: #bf04c2 */
    /* locked: true */
    ee.Geometry.Polygon(
        [[[-87.90932721171663, 13.625002611708487],
          [-87.90927356753633, 13.624908769514757],
          [-87.90915555033968, 13.624898342602044],
          [-87.90903753314302, 13.62481492728379],
          [-87.90895706687257, 13.624736725396184],
          [-87.90880686316774, 13.62467416386747],
          [-87.90869421038911, 13.624575108079807],
          [-87.90865129504488, 13.6246428830969],
          [-87.90872103247926, 13.624778433072791],
          [-87.90875858340547, 13.62481492728379],
          [-87.90886050734804, 13.624856634946594],
          [-87.90889269385622, 13.624903556058465],
          [-87.90899998221681, 13.624903556058465],
          [-87.90906435523317, 13.624903556058465],
          [-87.90915555033968, 13.62495047716101],
          [-87.90915555033968, 13.625018252070484],
          [-87.90919846568391, 13.625075600055618]]]),
    Poly3000m = 
    /* color: #d63000 */
    /* locked: true */
    ee.Geometry.Polygon(
        [[[-87.90841111595827, 13.621024424447421],
          [-87.90842989142138, 13.620972289022683],
          [-87.90843257363039, 13.62090190618104],
          [-87.90840843374926, 13.620823702999099],
          [-87.90838965828615, 13.620766353982562],
          [-87.90838965828615, 13.620693364305044],
          [-87.90837088282305, 13.620620374604993],
          [-87.90837088282305, 13.620547384882412],
          [-87.90834137852389, 13.620497856129266],
          [-87.9083440607329, 13.620435293478872],
          [-87.90831723864275, 13.620331022358094],
          [-87.90826359446245, 13.620331022358094],
          [-87.90826091225344, 13.620351876585927],
          [-87.90823140795428, 13.620406618925236],
          [-87.90821531470019, 13.620424866368861],
          [-87.90821531470019, 13.620461361251875],
          [-87.90823140795428, 13.620503069682718],
          [-87.90824750120836, 13.62057866619485],
          [-87.90826091225344, 13.620617767829579],
          [-87.90828773434359, 13.620646442357602],
          [-87.90831992085177, 13.620672510107337],
          [-87.90833601410586, 13.620724645598182],
          [-87.90833601410586, 13.620755926887158],
          [-87.90831992085177, 13.620797635266031],
          [-87.90830114538866, 13.620847163956393],
          [-87.90834942515093, 13.620920153586447],
          [-87.9083440607329, 13.6209592551647],
          [-87.908362836196, 13.621011390592326]]]),
    Poly3500m = 
    /* color: #98ff00 */
    /* locked: true */
    ee.Geometry.Polygon(
        [[[-87.90449367252371, 13.62068504341946],
          [-87.90453390565894, 13.620648548570976],
          [-87.90453390565894, 13.620606840165806],
          [-87.90449635473273, 13.620593806287669],
          [-87.90443198171637, 13.620593806287669],
          [-87.90435687986395, 13.620585985960453],
          [-87.9043112823107, 13.620588592736226],
          [-87.90425227371237, 13.620588592736226],
          [-87.90419326511405, 13.620604233390237],
          [-87.90418790069602, 13.620635514695142],
          [-87.90421740499518, 13.620698077292573],
          [-87.90427104917548, 13.620708504390521],
          [-87.9043461510279, 13.620708504390521],
          [-87.90444539276145, 13.62069025696879]]]),
    Poly4000m = 
    /* color: #0b4a8b */
    /* locked: true */
    ee.Geometry.Polygon(
        [[[-87.9004004458853, 13.62166788752921],
          [-87.9004540900656, 13.621618359010775],
          [-87.90043129128897, 13.621568830481946],
          [-87.90032132071936, 13.621547976361438],
          [-87.90018318695509, 13.621574044011785],
          [-87.90001554889166, 13.621588381218244],
          [-87.8998961905905, 13.621618359010775],
          [-87.89981304211103, 13.621610538717439],
          [-87.89972587031805, 13.621584471071111],
          [-87.89965881509268, 13.62156361695199],
          [-87.89957566661322, 13.621574044011785],
          [-87.89960114759886, 13.621677011202532],
          [-87.89972855252707, 13.621696561929888],
          [-87.89985059303724, 13.621705685602102],
          [-87.89994178814375, 13.621693955166327],
          [-87.9000235955187, 13.621677011202532],
          [-87.90007858080351, 13.621658763855546],
          [-87.90013758940184, 13.621658763855546],
          [-87.90020464462721, 13.621669190911144],
          [-87.90026499433004, 13.621682224729993],
          [-87.90032668513739, 13.621650943563546]]]),
    Poly4500m = 
    /* color: #ffc82d */
    /* locked: true */
    ee.Geometry.Polygon(
        [[[-87.89642164480728, 13.623718206956656],
          [-87.89646053683799, 13.623684319317986],
          [-87.89640018713516, 13.623641308077291],
          [-87.89630899202865, 13.623647824932451],
          [-87.89623120796722, 13.623637397964117],
          [-87.8961185551886, 13.623640004706237],
          [-87.89606222879928, 13.62365955527127],
          [-87.89599785578292, 13.623689532801176],
          [-87.89593482387107, 13.623692139542726],
          [-87.89585569870513, 13.623667375496835],
          [-87.8958141244654, 13.62365043167446],
          [-87.89573231709045, 13.623660858642209],
          [-87.89568269622367, 13.623620454139603],
          [-87.89563173425239, 13.623611330541278],
          [-87.89557406675857, 13.623630881108678],
          [-87.89553919804138, 13.623676499092996],
          [-87.89557406675857, 13.623726027180275],
          [-87.89570147168678, 13.623765128294487],
          [-87.89579266679328, 13.623780768738365],
          [-87.89590666067642, 13.623739060885732],
          [-87.89599115026039, 13.623736454144705],
          [-87.89605954659027, 13.623813352993103],
          [-87.89618963372749, 13.623822476583628],
          [-87.89627144110244, 13.623836813653757],
          [-87.89641225707572, 13.623720813697888]]]),
    Poly5000m = 
    /* color: #00ffff */
    /* locked: true */
    ee.Geometry.Polygon(
        [[[-87.89322357468733, 13.622731638878198],
          [-87.89329867653974, 13.622775953660211],
          [-87.89335500292906, 13.622731638878198],
          [-87.89330135874876, 13.622676897077179],
          [-87.89322357468733, 13.622640402536138],
          [-87.8932021170152, 13.62259608772871],
          [-87.89314042620786, 13.622543952650522],
          [-87.89312433295378, 13.622465750011681],
          [-87.89308141760954, 13.622387547346978],
          [-87.89302509122022, 13.622288490601228],
          [-87.89305191331037, 13.622197254088144],
          [-87.89306800656446, 13.622139905404763],
          [-87.89304118447431, 13.622061702632289],
          [-87.892984858085, 13.622053882353608],
          [-87.89292584948667, 13.622103410780825],
          [-87.8928936629785, 13.622205074362077],
          [-87.89283465438017, 13.622270243301429],
          [-87.89281319670805, 13.622382333835075],
          [-87.8928775697244, 13.622478783786615],
          [-87.89300631575712, 13.62259087422141],
          [-87.89312433295378, 13.622632582276607]]]);
