/* Impact pool and upstream control geometry imports paste directly into GEE */

var impact_pool = /* color: #d63000 */ee.Geometry.Polygon(
        [[[-87.92211355429194, 13.63917465047476],
          [-87.92204918127558, 13.639119912483245],
          [-87.92193384628794, 13.639156404479001],
          [-87.9218721554806, 13.639187683328009],
          [-87.92182655792735, 13.639221568743087],
          [-87.92175950270197, 13.639216355602638],
          [-87.92170854073069, 13.639208535891711],
          [-87.92165757875941, 13.639252847583458],
          [-87.92156370144389, 13.639265880432404],
          [-87.92144568424723, 13.63927630671103],
          [-87.92130620937846, 13.6392424213038],
          [-87.92121769648097, 13.639200716180545],
          [-87.9211345480015, 13.639125125625846],
          [-87.92105676394007, 13.639059961335132],
          [-87.92098166208766, 13.638986977308198],
          [-87.92090387802622, 13.638900960390336],
          [-87.92080195408366, 13.638812336866442],
          [-87.92070003014109, 13.638734139611847],
          [-87.92063565712473, 13.638794090842678],
          [-87.92071075897715, 13.638835796037778],
          [-87.92083414059184, 13.638945272139816],
          [-87.92088510256312, 13.638994797026452],
          [-87.92097361546061, 13.639088633625267],
          [-87.92097629766963, 13.63913815848183],
          [-87.92101921301386, 13.639164224191646],
          [-87.92108895044825, 13.639200716180545],
          [-87.92111040812037, 13.639255454153322],
          [-87.9210969970753, 13.639299765836263],
          [-87.92105676394007, 13.639318011820944],
          [-87.92101116638682, 13.639307585544163],
          [-87.92093874674342, 13.639289339558667],
          [-87.92090924244425, 13.639245027873766],
          [-87.92082072954676, 13.639211142462045],
          [-87.92078854303858, 13.639250241013595],
          [-87.92084682818047, 13.639341968347486],
          [-87.92089779015176, 13.639378460308919],
          [-87.92095143433205, 13.639433198240487],
          [-87.92102653618447, 13.63946187048531],
          [-87.92109627361886, 13.639469690187825],
          [-87.92116601105324, 13.63947229675527],
          [-87.9211928331434, 13.639456657350136],
          [-87.92123843069665, 13.639490542726616],
          [-87.92127061720483, 13.639490542726616],
          [-87.92132426138512, 13.639451444214863],
          [-87.92136449452035, 13.639441017943973],
          [-87.92140740986459, 13.63943059167261],
          [-87.9214637362539, 13.63943059167261],
          [-87.92149592276208, 13.639451444214863],
          [-87.9215361558973, 13.639425378536764],
          [-87.92160321112267, 13.63943841137617],
          [-87.92167831297509, 13.639427985104692],
          [-87.92176682587258, 13.639394099719242],
          [-87.92188484306924, 13.639362820897576],
          [-87.92197603817574, 13.639310689518924],
          [-87.9220404111921, 13.639271590977387],
          [-87.92210478420846, 13.639229885859269]]]),
    upstream_control = 
    /* color: #2e86ff */
    /* locked: true */
    ee.Geometry.Polygon(
        [[[-87.9393235828497, 13.636849506939221],
          [-87.9393960024931, 13.636784342020551],
          [-87.93949524422665, 13.636742636463172],
          [-87.93957302828808, 13.63672178368173],
          [-87.93959180375118, 13.63665661872782],
          [-87.93953547736187, 13.63665661872782],
          [-87.93946305771847, 13.63664879893215],
          [-87.93936649819393, 13.636669651720032],
          [-87.9393423583128, 13.636740029865587],
          [-87.93928066750546, 13.636800815872181],
          [-87.9392350699522, 13.636876407170888],
          [-87.93915192147274, 13.636902473130352],
          [-87.9391250993826, 13.636951998445396],
          [-87.93905267973919, 13.637053655638491],
          [-87.93895612021466, 13.637053655638491],
          [-87.93893198033352, 13.637064082014787],
          [-87.93882737418194, 13.637056262232603],
          [-87.93871472140331, 13.637045835855965],
          [-87.93868253489514, 13.63706929520278],
          [-87.9386208440878, 13.63707972157839],
          [-87.93852696677227, 13.637061475420763],
          [-87.93846259375592, 13.637064082014787],
          [-87.93840090294857, 13.637066688608796],
          [-87.93831775446911, 13.637066688608796],
          [-87.93822387715359, 13.637097967734615],
          [-87.93815145751019, 13.637030196290123],
          [-87.93807099123974, 13.637006736939414],
          [-87.93798247834225, 13.637027589695705],
          [-87.93781886359234, 13.637048442450165],
          [-87.93788860102673, 13.637118820482838],
          [-87.93796906729717, 13.637212657827112],
          [-87.9380629446127, 13.637251756709555],
          [-87.93816755076428, 13.637225690788652],
          [-87.9381729151823, 13.637160525973782],
          [-87.93827752133389, 13.637168345752515],
          [-87.9383687164404, 13.637176165530997],
          [-87.9383874919035, 13.637124033669613],
          [-87.93845454712887, 13.637126640262949],
          [-87.93843845387478, 13.637194411679754],
          [-87.93855378886242, 13.637220477604119],
          [-87.93858061095257, 13.637178772123761],
          [-87.9386932637312, 13.637210051234717],
          [-87.9387844588377, 13.637204838049852],
          [-87.93887028952618, 13.637202231457369],
          [-87.93897489567776, 13.637178772123761],
          [-87.93902049323101, 13.637116213889415],
          [-87.93909559508343, 13.637092754547254],
          [-87.93917606135388, 13.637087541359795],
          [-87.93928066750546, 13.636998917155335],
          [-87.93931553622265, 13.636920719300266]]]);
